470
43
172
206
442
132
494
59
67
37
95
216
472
283
133
51
54
104
96
230
323
239
214
146
221
298
124
479
345
13
209
175
152
135
233
445
337
447
31
151
460
413
122
55
263
461
384
380
377
423
40
250
489
309
170
52
272
398
249
405
459
88
130
389
484
375
286
200
426
208
16
140
195
173
285
453
264
189
269
406
424
215
223
415
191
373
201
94
487
213
80
58
69
370
90
486
99
85
44
310
483
326
167
294
109
458
81
32
45
468
440
120
314
257
238
41
83
184
353
464
368
293
452
136
248
333
258
179
372
362
327
393
14
392
60
360
407
419
98
61
232
46
166
274
131
485
498
57
226
192
155
180
154
332
399
97
147
251
267
73
315
301
70
273
252
48
448
457
277
371
431
12
49
157
220
225
414
126
404
260
84
101
427
411
198
376
229
306
115
218
186
26
500
329
129
117
108
164
278
112
134
174
245
145
207
352
331
110
355
276
299
119
143
271
236
128
79
408
210
241
29
417
177
321
467
182
25
87
330
106
435
65
137
412
1
212
300
466
451
2
169
295
354
253
340
7
168
481
171
478
242
420
344
386
18
280
403
74
76
328
107
350
322
439
369
307
463
149
194
228
425
63
387
465
23
335
118
325
163
270
275
401
279
365
342
53
197
185
297
113
304
454
430
9
142
281
418
497
158
397
284
495
480
349
102
268
363
334
89
244
21
247
449
219
71
33
351
429
291
222
243
320
421
160
165
62
38
256
374
36
303
234
409
428
289
491
381
476
240
42
237
148
35
308
446
492
366
78
390
103
361
178
6
22
255
254
462
441
27
324
432
455
34
19
378
469
443
394
482
287
116
64
123
227
68
434
30
56
474
105
114
3
410
141
205
235
422
144
39
188
339
246
139
203
159
402
282
4
346
359
379
288
347
438
475
150
296
11
217
396
17
319
75
338
266
358
196
8
416
231
357
72
471
318
341
77
92
499
24
15
305
456
292
493
86
204
28
395
336
211
66
193
450
473
490
367
156
111
302
100
437
382
10
312
311
5
224
153
50
262
261
190
348
93
161
391
181
202
183
138
313
444
127
316
82
433
388
199
125
477
356
436
290
364
496
265
343
162
20
385
317
176
259
488
91
383
47
187
121
400
